1 0
2 0
3 0.041198702
4 0
5 0.415420488
6 5.30948484
7 0
8 0
9 0
10 0
11 0
12 0
13 0
14 0
15 0
16 0.248908961
17 0.065231338
18 9.007078464
19 0.123596172
20 3.822898946
21 0.442886321
22 0.01373292
23 0
24 1.127816136
25 0.788784271
26 12.34588644
27 0
28 1.730346876
29 16.4073906
30 4.4906616
31 0.587082118
32 0.181961064
33 6.360059592
34 1.460836044
35 1.80244692
36 0
37 0
38 0
39 2.132890826
40 2.640151116
41 0.078964222
42 10.31255834
43 7.920454212
44 7.25697977
45 33.3688248
46 8.95385898
47 7.134241716
48 1.625633726
49 0.113296529
50 0.085830646
51 0.068664528
52 0.075531002
53 0.564765926
54 0.247192992
55 0.020599366
56 0.144195566
57 1.544952326
58 28.51124004
59 16.4923686
60 7.110215964
61 6.306840144
62 3.34396332
63 0.745010748
64 0.065231294
65 0.044631972
66 0.127029456
67 0.05836487
68 3.907009346
69 1.29089358
70 0.099563594
71 0.82054157
72 0.880623043
73 30.53684088
74 10.74943361
75 0.539016854
76 0.178527888
77 0
78 0.037765526
79 0.255775586
80 0.65917957
81 0.12016301
82 28.68118812
83 1.441956002
84 35.74676304
85 19.20718692
86 14.3886546
87 9.82932948
88 5.005646424
89 2.05650337
90 0.181961042
91 0.326156753
92 0.539016818
93 0.86173992
94 15.7808304
95 4.864883544
96 2.451324787
97 22.83096312
98 14.61695904
99 8.87832396
100 1.915740144
101 11.19575205
102 7.261276572
103 0.102996857
104 2.351758766
105 15.10276608
106 3.714749906
107 11.58370835
108 21.76323156
109 21.3993126
110 3.330230292
111 10.46791395
112 2.315712564
113 15.88211112
114 12.81623832
115 4.555892232
116 1.472854918
117 3.01437293
118 3.4229277
119 0.401687388
120 0.302124197
121 0.861740431
122 0.772476149
123 0.521850334
124 0.422286826
125 0.188827466
126 2.396392884
127 5.094909252
128 2.289962585
129 5.132676672
130 6.883626096
131 3.361134542
132 3.53622204
133 1.479720888
134 2.952574704
135 15.46669321
136 2.056505234
137 25.67023744
138 2.787780636
139 1.387023552
140 9.34867692
141 3.845210724
142 5.290603344
143 3.453828984
144 11.24038454
145 13.8702334
146 1.414490076
147 0.916670988
148 0.942421205
149 1.908873958
150 0.466918574
151 0.346755967
152 0.178527823
153 11.61974924
154 3.228948461
155 23.88325284
156 10.10055528
157 9.899712
158 6.981464916
159 35.63178588
160 15.95077504
161 28.93180774
162 5.14125702
163 10.73570047
164 21.0611376
165 21.00791916
166 10.32372148
167 2.490806952
168 1.036835028
169 18.99776484
170 5.852797164
171 0.779343444
172 10.88676562
173 5.463978725
174 23.36482438
175 1.998138276
176 0.350189532
177 0.17509464
178 5.554957248
179 4.022029346
180 3.084750158
181 1.771544988
182 13.24882933
183 29.06999168
184 31.63464246
185 27.14312177
186 1.671983064
187 16.82968619
188 4.06494486
189 14.11228152
190 8.70322824
191 46.97170596
192 0.893498177
193 0.204277032
194 1.86939252
195 6.741142956
196 0.13732884
197 0.058364878
198 12.42742465
199 3.901862664
200 0.339031397
201 0.01373292
202 0
203 0.894355632
204 9.657670464
205 1.356127898
206 0.188827704
207 7.038975852
208 0.375938604
209 0
210 9.5460894
211 15.7670982
212 22.81208335
213 18.95829048
214 0.765609314
215 0
216 0
217 0
218 20.56333392
219 49.11060312
220 3.201485306
221 0.01373292
222 0.590514948
223 0.806807844
224 9.07401852
225 13.29345684
226 11.18030832
227 16.47605974
228 2.313992174
229 21.95205336
230 0.387954972
231 0
232 2.05306997
233 1.544951858
234 1.029968028
235 0.305557236
236 0
237 7.76767608
238 12.83340053
239 1.136398147
240 1.599883848
241 2.368925748
242 9.46883592
243 4.104427212
244 5.831333568
245 1.044559836
246 4.188537842
247 5.260559148
248 3.47271012
249 0.666045799
250 18.59951185
251 3.077889905
252 0.33302304
253 0.552749371
254 8.819964828
255 3.108787826
256 0.013732906
257 0
258 3.234101918
259 1.028251282
260 7.750510596
261 3.586006778
262 0.127029586
263 5.875967246
264 1.764678773
265 2.938843966
266 6.832122502
267 24.15962304
268 1.093482432
269 3.926755159
270 3.622054644
271 0.435161952
272 0
273 0.020599358
274 4.040908524
275 2.688217193
276 0.449752586
277 31.95133265
278 32.48859938
279 0
280 7.529063537
281 25.30803611
282 0.157928544
283 0
284 0
285 0.02059938
286 0.01373292
287 0
288 0
289 0.147628742
290 3.737067048
291 0.319290206
292 0.02746584
293 19.40116866
294 6.9110883
295 0.418853678
296 0
297 0
298 0.690078852
299 13.61962091
300 36.96899499
301 1.505470118
302 11.48414976
303 3.4538274
304 10.54344627
305 21.1126284
306 11.38029399
307 27.68898096
308 13.73462928
309 6.46390656
310 1.146697812
311 0
312 0
313 0.101280233
314 0.164795011
315 3.573990014
316 9.326365114
317 0.236892679
318 6.15920873
319 12.91064796
320 0.281524536
321 0.284958086
322 0.660896503
323 2.01444611
324 1.335524839
325 22.49279352
326 7.46727552
327 7.503318612
328 1.069449804
329 18.24074032
330 9.590723568
331 11.2566978
332 5.87597112
333 1.9844064
334 3.149985852
335 1.89514152
336 0.415420819
337 0.88233984
338 0.387954612
339 12.6480078
340 1.8264771
341 0.01373292
342 0
343 4.226302512
344 16.89491052
345 1.520919504
346 6.931682352
347 2.5972344
348 1.292610384
349 1.843643448
350 2.224730772
351 1.462555188
352 2.313995652
353 0.257491886
354 3.807450828
355 2.986908286
356 1.342392156
357 0.56133247
358 0
359 0.168228288
360 6.221010204
361 4.78763604
362 1.764679046
363 0.923538377
364 0.128746001
365 1.191329748
366 14.48135568
367 4.494958783
368 2.416994222
369 4.252053996
370 8.74786212
371 0.300407393
372 1.186180632
373 11.74335422
374 0.034332278
375 0.020599366
376 1.78356163
377 10.13145444
378 15.4177614
379 3.127670453
380 0
381 0
382 0
383 0
384 0.11501311
385 0
386 0.017166132
387 0.010299679
388 0
389 0
390 0.221443387
391 0.058364856
392 0.056648246
393 0
394 0
395 0.072097798
396 0.370788768
397 0.247192351
398 0.319290264
399 0.549316764
400 0.73127736
401 1.785278484
402 4.1919696
403 1.428222996
404 1.658249496
405 1.740646728
406 5.36785092
407 9.35211348
408 3.5533908
409 1.3870242
410 1.902008146
411 1.647948204
412 12.71667168
413 0.82054152
414 0.092697185
415 0.343322798
416 0.17852783
417 1.23252912
418 6.361764739
419 0.33302309
420 0.233459546
421 0.506401286
422 0.293541019
423 0.413703936
424 1.191329568
425 0.755309786
426 0.647163547
427 1.136397787
428 1.314925812
429 0.405121212
430 0.767326716
431 1.78356204
432 2.06851932
433 6.929970638
434 5.319789948
435 13.91831352
436 2.30455571
437 0.671195815
438 2.204132234
439 0.99735287
440 0.592231946
441 0.475501968
442 13.79127204
443 2.441883672
444 9.00363636
445 0.552750012
446 4.549030236
447 8.08181568
448 2.35519416
449 4.31041644
450 14.93624916
451 12.59994672
452 2.54230578
453 4.79793276
454 2.84013792
455 0.690078398
456 0.151061976
457 3.052139285
458 24.88746312
459 26.80148826
460 5.891416092
461 10.12459319
462 1.936338905
463 3.162003206
464 1.671981559
465 0.17509464
466 0
467 8.780481828
468 12.22572348
469 28.355022
470 9.863660628
471 0.624847867
472 22.68676296
473 14.6633184
474 7.917016356
475 14.68734217
476 19.9642212
477 9.547803
478 29.6596512
479 9.365846904
480 3.742216884
481 0.628281
482 18.36948486
483 16.18423898
484 11.26785174
485 6.70338072
486 6.258768962
487 24.47547588
488 26.54914968
489 23.0335164
490 11.88240397
491 9.695439684
492 9.372714012
493 8.040621204
494 5.225376492
495 16.21513872
496 22.05162
497 13.79127607
498 0.363922553
499 2.355193872
500 7.254409968
501 4.31900172
502 8.02345104
503 10.67391072
504 2.221299086
505 3.227231988
506 0.470351765
507 0.425720326
508 8.013155652
509 5.50003392
510 2.61783635
511 11.58714648
512 3.567122057
513 0.308990318
514 3.381726852
515 3.884695164
516 1.139831136
517 0.672912605
518 6.437300796
519 2.945709036
520 24.81364728
521 2.362061232
522 9.589003524
523 6.99005052
524 1.8814086
525 2.849578783
526 20.84313006
527 9.805295966
528 0.635147136
529 6.07681836
530 17.31719808
531 5.90171904
532 0.696945161
533 33.86364822
534 16.017723
535 19.97108208
536 8.708378256
537 0.463485953
538 0.192260822
539 12.78876784
540 24.06692448
541 3.913878348
542 28.8957672
543 39.4855488
544 6.04591326
545 6.29310924
546 0.532150128
547 0
548 0
549 12.53986515
550 4.339601762
551 14.90535658
552 8.77876056
553 3.1482702
554 7.733343672
555 35.29870463
556 5.846786849
557 5.28888821
558 3.22380185
559 26.61352236
560 62.78004583
561 1.920889512
562 1.33724232
563 33.04224
564 1.793002925
565 7.28530776
566 10.32371496
567 7.522201526
568 2.296829484
569 2.748297564
570 20.52040788
571 47.9502144
572 20.86029648
573 5.99613048
574 6.698232
575 5.984111952
576 2.322575215
577 14.71995662
578 15.1800138
579 8.94012084
580 6.299112348
581 1.82733575
582 3.704452308
583 1.189613628
584 0.01373292
585 8.862874452
586 11.24295588
587 18.6175296
588 4.06322676
589 14.78863055
590 11.1107781
591 10.40610424
592 5.55667344
593 0.218868156
594 8.89721208
595 8.225155346
596 1.527786101
597 0.192260779
598 0.087547334
599 0.054931644
600 8.87317704
601 17.86565268
602 9.940910486
603 4.143049956
604 0.345898008
605 0
606 4.463195011
607 0.078964214
608 0
609 0
610 2.260778558
611 0.391387802
612 0.284957849
613 0.123596208
614 0.08583071
615 1.275443546
616 0.559615889
617 0.020599366
618 0
619 5.637360521
620 22.84126548
621 12.26520295
622 2.255630695
623 8.227732277
624 1.462556736
625 3.93104628
626 1.150131348
627 5.953219826
628 13.90114609
629 3.707887226
630 1.479720154
631 7.41233916
632 0.185394161
633 0.312423674
634 3.853802664
635 18.53257284
636 11.28502211
637 9.111789648
638 12.99819564
639 11.47384332
640 1.294326698
641 0.154495296
642 0
643 0
644 0
645 0
646 4.34646594
647 2.135467836
648 0.01373292
649 0.061798097
650 7.68184884
651 0.87547302
652 0.350189172
653 1.912308228
654 1.975822682
655 0.696944765
656 14.36462172
657 15.06327937
658 4.373935272
659 1.170730908
660 1.620482666
661 0.508117622
662 0.418853988
663 0.394821144
664 0.921822257
665 0.576782395
666 0.398254133
667 0.048065184
668 0
669 0
670 0
671 0.24375942
672 0.65918016
673 11.52534213
674 6.674196413
675 11.91674016
676 4.202270813
677 0.28839101
678 17.95921553
679 4.755019493
680 0
681 0.020599366
682 2.207565576
683 31.28357156
684 3.417777972
685 28.99188828
686 6.13517472
687 0.659179325
688 4.080393288
689 24.0823791
690 11.58370776
691 10.92967848
692 3.70273536
693 1.999855706
694 4.37393268
695 0.50468441
696 0
697 0.013732906
698 0.188827517
699 0.006866453
700 0
701 0
702 0
703 0
704 1.03168566
705 2.39038416
706 3.1062132
707 1.758671784
708 0.588798972
709 0
710 0
711 0
712 0
713 0
714 0
715 0
716 3.072740954
717 12.36391488
718 20.90234772
719 14.12087121
720 19.51618464
721 52.8614028
722 3.13539264
723 5.112077112
724 6.15234384
725 3.280449506
726 19.06985556
727 2.780915155
728 0
729 0
730 0
731 0
732 0
733 0
734 0.006866453
735 2.506255862
736 0
737 0
738 0
739 0.406837742
740 3.228092964
741 0.283241239
742 0
743 0.921821256
744 0.006866453
745 0.239467608
746 0
747 0.072097754
748 0.030899052
749 1.868965308
750 4.28295456
751 1.809311393
752 0.83513255
753 0.295257557
754 0.853157808
755 0.295257442
756 0.442886371
757 0.276374808
758 0
759 0.205993706
760 0
761 0.357055927
762 0.072097747
763 0.006866453
764 1.80244566
765 8.929827
766 11.2506894
767 3.613473828
768 0.06179814
769 0.030899066
770 0.144195552
771 6.025313786
772 1.359558504
773 6.1454754
774 4.792789058
775 8.61225588
776 0.157928443
777 3.057288998
778 7.80887988
779 3.057289344
780 0.38795454
781 0.679779144
782 1.234245672
783 0.882339192
784 0.583648394
785 0.127029132
786 0.19226075
787 0.123596186
788 0
789 0.106430119
790 0.333023033
791 0.065231316
792 5.410767254
793 1.690863739
794 0.102996878
795 0.103855118
796 3.598023017
797 0.74672748
798 1.23252948
799 0.188827574
800 0.155353565
801 3.031540128
802 0.36821376
803 3.195476748
804 7.65438156
805 15.54565464
806 4.404832236
807 1.185322428
808 0.355339231
809 0.561332376
810 6.672479825
811 8.653461365
812 18.1875222
813 11.87725464
814 29.397006
815 6.05278008
816 9.531499982
817 8.5822146
818 4.554177098
819 7.544513556
820 3.043556928
821 3.07617156
822 15.84949176
823 9.32464152
824 4.614257419
825 5.20477128
826 25.938036
827 14.0899698
828 7.83805536
829 11.8412046
830 5.884551698
831 0.024032592
832 0
833 0.037765498
834 27.86406674
835 0.64201415
836 16.35761179
837 12.72010226
838 5.086331424
839 0.617980608
840 6.16264308
841 4.59366318
842 0.188827488
843 1.774976753
844 14.31312498
845 0.127029478
846 0.58021529
847 15.59371615
848 14.95857211
849 3.26843159
850 38.55340548
851 20.86544689
852 1.369857528
853 1.072883484
854 13.67969486
855 22.97602512
856 20.37792794
857 10.96915824
858 0.030899066
859 0.889206466
860 1.230813612
861 7.07330772
862 18.5342786
863 0.331306495
864 2.875328453
865 2.023887564
866 7.43637042
867 0.533866745
868 0.899505014
869 0.920105208
870 0.98705399
871 0.928688162
872 0.667762682
873 6.269074142
874 20.11871268
875 3.036691728
876 7.022666498
877 4.241757038
878 7.36083684
879 2.01702186
880 1.761246
881 1.173305808
882 2.84185332
883 7.25269608
884 1.764679399
885 17.94719359
886 6.85358028
887 3.180888302
888 3.917312222
889 3.79886544
890 4.760168256
891 5.380727076
892 2.348327844
893 3.8675322
894 22.53570336
895 23.69956968
896 1.602459468
897 1.273727606
898 7.728192432
899 8.48350512
900 6.975453708
901 31.16684016
902 5.046843586
903 0.061798097
904 0.188827589
905 1.086616418
906 5.422780202
907 12.58106483
908 1.96895592
909 0
910 0.657462816
911 4.240035
912 0.399970994
913 0.5802156
914 7.85522628
915 15.25727124
916 9.939196217
917 30.20210352
918 4.047776244
919 7.309338494
920 5.597879004
921 5.43136572
922 6.77376
923 30.9762954
924 8.222587488
925 1.34925804
926 0.151062055
927 1.965523824
928 5.458829141
929 0.580215413
930 3.764534832
931 0.240325668
932 0.542450088
933 6.069944585
934 10.90736335
935 11.52877572
936 5.5583982
937 15.36713172
938 3.67355363
939 2.671046294
940 0.6814962
941 9.22507848
942 12.8042208
943 0.363922092
944 17.22793293
945 7.170291468
946 23.4008838
947 27.031518
948 2.947425437
949 6.24847248
950 15.48901055
951 0
952 0
953 7.717895906
954 6.543734148
955 8.763311052
956 5.070876941
957 20.94526224
958 16.72325172
959 0.28152468
960 0
961 0
962 4.6262772
963 0.475502256
964 12.76902936
965 8.248325825
966 7.15827785
967 0.092697134
968 0.212860188
969 13.01192964
970 8.469771286
971 1.332092196
972 0.058364856
973 1.117515924
974 2.082252672
975 47.60682003
976 0
977 5.742071186
978 47.1759768
979 5.69829636
980 0.18196087
981 0
982 0.964736712
983 5.036543892
984 1.505470212
985 2.715681773
986 5.45969448
987 2.065944564
988 6.080240052
989 0.736427311
990 0.048065184
991 0
992 0
993 9.25941456
994 5.46569946
995 5.60646144
996 0.305557344
997 0.993918773
998 14.07108132
999 1.670265842
1000 0.037765505
1001 0.075530952
1002 7.784840657
1003 9.03797676
1004 1.718331192
1005 5.142111948
1006 14.67533232
1007 7.04326248
1008 19.16599536
1009 8.898923952
1010 3.86924904
1011 6.187536864
1012 0.513268106
1013 0.760459874
1014 17.39702232
1015 8.4208464
1016 8.305833816
1017 0.429153516
1018 0.017166132
1019 0.508117658
1020 14.5860624
1021 14.119146
1022 23.3167572
1023 0.084114065
1024 2.138042088
1025 19.26898837
1026 9.22508136
1027 3.705310346
1028 2.64015198
1029 5.31635526
1030 3.174018494
1031 0.559615745
1032 1.891708049
1033 17.93689736
1034 8.171080992
1035 4.423716086
1036 1.170730332
1037 4.05120636
1038 14.39895841
1039 2.506256064
1040 0.720978091
1041 0.037765519
1042 0
1043 0.190544076
1044 0.291824316
1045 2.50110738
1046 2.691650282
1047 5.414198004
1048 8.658596484
1049 0.745010784
1050 2.090835338
1051 17.20734505
1052 27.1808604
1053 3.289031892
1054 0.33988937
1055 2.27966315
1056 13.08403204
1057 4.349901449
1058 2.55947567
1059 0
1060 0.096130397
1061 1.488304692
1062 0.858307226
1063 5.5171989
1064 9.091183104
1065 0.157928544
1066 0.484085376
1067 3.373145604
1068 13.35525552
1069 14.87960572
1070 36.81449136
1071 13.80157037
1072 2.23503197
1073 10.86959376
1074 7.74363636
1075 1.534652093
1076 0.391387889
1077 9.29374128
1078 1.696014072
1079 0.01373292
1080 0
1081 0
1082 0
1083 0
1084 0
1085 0.075531002
1086 0.02403257
1087 0.212860166
1088 0.422286998
1089 0.09956363
1090 0.04119876
1091 0
1092 0
1093 0
1094 0
1095 0
1096 0
1097 0
1098 0.420570252
1099 0.31242348
1100 0.065231316
1101 0
1102 0.528717398
1103 8.799361538
1104 5.093193276
1105 0.319290163
1106 0.082397455
1107 0.089263872
1108 1.397323224
1109 0.91495553
1110 0.363922042
1111 0.473785488
1112 0
1113 0
1114 0
1115 0.058364885
1116 0
1117 0.116729748
1118 0
1119 3.04012332
1120 0.072097812
1121 7.343672832
1122 2.657315844
1123 9.705729744
1124 3.519058716
1125 3.311347968
1126 1.771545398
1127 0
1128 0
1129 0
1130 0
1131 0
1132 0.013732906
1133 0.013732906
1134 0.298690819
1135 0.235176113
1136 0.12702937
1137 0
1138 0
1139 0
1140 0
1141 0
1142 0
1143 0.473785034
1144 4.27350839
1145 1.211929373
1146 6.26563926
1147 7.17716628
1148 9.84477312
1149 3.11565528
1150 1.407624084
1151 1.646232876
1152 1.048851504
1153 1.460838578
1154 1.850509368
1155 1.738929391
1156 1.950072732
1157 2.012729234
1158 12.63770352
1159 2.50797276
1160 1.047134102
1161 3.541375166
1162 9.792423
1163 0.998210851
1164 0.190544249
1165 0.068664636
1166 0.06523133
1167 0.085830689
1168 0.161361691
1169 0.195693912
1170 0.417137537
1171 0.054931666
1172 4.535294753
1173 1.282310165
1174 0.386238197
1175 0.020599344
1176 0.509834304
1177 4.10785961
1178 6.047629963
1179 21.2190624
1180 10.8541548
1181 2.25133884
1182 1.994705172
1183 2.26335636
1184 1.000786154
1185 0.156211783
1186 0.051498439
1187 0.154495224
1188 12.97759946
1189 10.02158964
1190 12.44545373
1191 6.5643336
1192 4.37907942
1193 4.049492616
1194 7.173729432
1195 0.140762318
1196 4.524995282
1197 24.6248208
1198 19.2912984
1199 14.26848772
1200 7.539373318
1201 18.62697478
1202 3.7370655
1203 0.317573402
1204 7.329939696
1205 2.374077017
1206 0.710678124
1207 0.212860109
1208 6.653587932
1209 7.408906351
1210 0.109863216
1211 0.027465826
1212 0.01373292
1213 1.159573118
1214 4.694941872
1215 11.85493356
1216 4.86145044
1217 3.48300702
1218 3.876116904
1219 13.8530664
1220 5.156703756
1221 17.9317534
1222 5.283740304
1223 8.344455156
1224 7.22007828
1225 3.7181862
1226 1.606751042
1227 0.868605314
1228 1.994705705
1229 1.19133005
1230 17.40474043
1231 10.7356986
1232 2.78091432
1233 3.697582644
1234 1.665115884
1235 1.414490112
1236 0.899505511
1237 5.712892099
1238 1.181031149
1239 0.096130404
1240 0
1241 4.696654392
1242 10.50567678
1243 1.270294452
1244 6.104276834
1245 0.781059132
1246 11.40861834
1247 8.83369548
1248 3.48386585
1249 5.105210292
1250 10.42328772
1251 8.020015826
1252 8.493805015
1253 19.9745181
1254 1.71833094
1255 1.22051232
1256 1.069450466
1257 1.453971665
1258 1.017952596
1259 18.20897747
1260 6.787482977
1261 3.47957784
1262 8.315278171
1263 1.800728136
1264 11.00434738
1265 0.25920864
1266 1.292610312
1267 6.16779864
1268 5.463981986
1269 10.10742444
1270 10.67561496
1271 8.921242368
1272 0.085830696
1273 4.219435879
1274 4.70523672
1275 2.43587448
1276 1.5398028
1277 0.2162934
1278 0.98876952
1279 9.504894182
1280 7.448389668
1281 10.32628714
1282 6.3411696
1283 7.641504288
1284 0.123596208
1285 0.57334937
1286 1.375866288
1287 0.860023814
1288 56.75297436
1289 5.235674544
1290 3.464125862
1291 4.886339904
1292 6.813243
1293 7.177158324
1294 7.79170716
1295 14.04876924
1296 13.3913034
1297 60.8676624
1298 12.10383252
1299 3.840065604
1300 0.453186792
1301 0.211143449
1302 13.7294676
1303 20.93839031
1304 0.650596493
1305 11.4841409
1306 1.2308121
1307 0
1308 11.69701142
1309 1.244544386
1310 10.35118018
1311 22.54257792
1312 16.31469672
1313 16.43486292
1314 6.196981586
1315 0.902938846
1316 13.61875504
1317 5.333517072
1318 10.00957432
1319 0.515842322
1320 0
1321 8.579634012
1322 0.36220572
1323 8.37621702
1324 7.232100336
1325 10.3992444
1326 8.095554626
1327 3.979107864
1328 0.072097812
1329 1.083183005
1330 0.677204964
1331 9.110069856
1332 9.638787902
1333 20.77789392
1334 4.01344308
1335 6.514546313
1336 17.56268136
1337 1.057435186
1338 0.006866453
1339 6.966021866
1340 1.750945435
1341 0.085830682
1342 5.44165961
1343 5.88112182
1344 6.030468936
1345 0.3158568
1346 0.171661428
1347 0.94757058
1348 1.723480445
1349 13.19389416
1350 12.33215424
1351 6.749728488
1352 3.333664476
1353 7.39860246
1354 3.340531116
1355 6.58836468
1356 8.473206708
1357 2.204131824
1358 6.639863292
1359 0.12702942
1360 8.565904044
1361 0.236892686
1362 0.638580564
1363 1.181030004
1364 11.77597166
1365 32.87658708
1366 1.366424978
1367 1.11751506
1368 7.772820084
1369 0.351905594
1370 2.983475808
1371 9.46197216
1372 9.28687644
1373 0.387954763
1374 0.629997386
1375 3.26156544
1376 0.969886872
1377 8.140179348
1378 11.99226236
1379 1.568984724
1380 1.009369224
1381 1.239395609
1382 3.017805984
1383 6.45274944
1384 8.16249492
1385 1.740647844
1386 3.137972904
1387 11.37771684
1388 8.241460488
1389 12.26692188
1390 26.9662896
1391 40.91719716
1392 14.043618
1393 13.62476376
1394 4.449462696
1395 0.76561002
1396 0.061798118
1397 0.319290084
1398 0.061798068
1399 0
1400 0
1401 1.19133018
1402 0.611114861
1403 0.911522052
1404 0.082397506
1405 3.26156616
1406 14.18266512
1407 8.018304876
1408 4.796217108
1409 3.628923588
1410 5.050280664
1411 4.86145121
1412 19.9539252
1413 7.63206588
1414 2.784347258
1415 5.81760828
1416 3.47786064
1417 0.894355798
1418 1.023101878
1419 0.072097812
1420 1.802444832
1421 1.014518621
1422 2.787781298
1423 0.04119876
1424 0
1425 0
1426 0
1427 3.98597742
1428 2.18009957
1429 1.840210596
1430 0.096130418
1431 0.027465811
1432 0.041198753
1433 0
1434 0
1435 1.033401578
1436 0.054931644
1437 2.226448217
1438 4.224586572
1439 0.037765512
1440 0
1441 12.05577678
1442 4.989342614
1443 0.504684122
1444 7.925606028
1445 10.32886548
1446 9.7263315
1447 4.225444884
1448 0.669479623
1449 2.257348586
1450 2.633286204
1451 4.209138072
1452 2.16980005
1453 0.979328448
1454 21.83017698
1455 9.8928468
1456 10.86959916
1457 1.78699464
1458 0.075531002
1459 0.027465833
1460 0.329590094
1461 0.130462618
