1 0.443
2 0.443
3 0.443
4 0.443
5 0.440
6 0.434
7 0.428
8 0.423
9 0.417
10 0.404
11 0.389
12 0.389
13 0.389
14 0.389
15 0.389
16 0.389
17 0.389
18 0.389
19 0.389
20 0.386
21 0.381
22 0.375
23 0.369
24 0.355
25 0.336
26 0.335
27 0.335
28 0.335
29 0.335
30 0.334
31 0.334
32 0.334
33 0.334
34 0.333
35 0.333
36 0.333
37 0.333
38 0.332
39 0.332
40 0.332
41 0.329
42 0.321
43 0.307
44 0.294
45 0.294
46 0.294
47 0.294
48 0.295
49 0.295
50 0.295
51 0.295
52 0.295
53 0.295
54 0.296
55 0.296
56 0.296
57 0.296
58 0.296
59 0.297
60 0.297
61 0.297
62 0.297
63 0.297
64 0.297
65 0.298
66 0.298
67 0.310
68 0.335
69 0.339
70 0.350
71 0.389
72 0.418
73 0.468
74 0.497
75 0.499
76 0.501
77 0.507
78 0.562
79 0.565
80 0.567
81 0.628
82 0.755
83 0.713
84 0.742
85 0.680
86 0.623
87 0.557
88 0.498
89 0.512
90 0.555
91 0.594
92 0.699
93 0.644
94 0.569
95 0.497
96 0.496
97 0.516
98 0.509
99 0.498
100 0.500
101 0.502
102 0.536
103 0.532
104 0.562
105 0.562
106 0.563
107 0.564
108 0.564
109 0.565
110 0.565
111 0.566
112 0.567
113 0.567
114 0.582
115 0.628
116 0.630
117 0.639
118 0.706
119 0.719
120 0.801
121 1.580
122 2.180
123 2.140
124 1.810
125 1.690
126 1.690
127 1.710
128 1.630
129 1.580
130 1.710
131 1.830
132 1.790
133 1.940
134 2.280
135 3.100
136 3.870
137 4.260
138 4.680
139 4.840
140 4.710
141 4.210
142 4.920
143 5.020
144 4.790
145 4.620
146 3.760
147 3.080
148 2.530
149 2.260
150 2.000
151 1.970
152 2.240
153 2.930
154 3.540
155 2.870
156 3.240
157 5.320
158 5.520
159 6.820
160 5.370
161 4.000
162 3.240
163 2.910
164 2.870
165 2.960
166 2.990
167 3.010
168 3.330
169 3.750
170 4.410
171 5.530
172 7.670
173 6.420
174 8.950
175 7.650
176 6.460
177 7.290
178 7.680
179 8.440
180 7.490
181 8.370
182 8.330
183 9.550
184 6.200
185 5.490
186 5.010
187 5.800
188 4.980
189 7.180
190 11.800
191 11.200
192 8.830
193 6.720
194 6.730
195 6.360
196 6.110
197 5.440
198 6.070
199 8.100
200 6.020
201 5.390
202 5.910
203 6.500
204 6.430
205 5.970
206 5.520
207 4.790
208 4.810
209 5.040
210 5.340
211 5.220
212 5.060
213 4.820
214 5.600
215 5.780
216 5.690
217 6.200
218 6.950
219 5.820
220 4.440
221 4.220
222 4.260
223 4.280
224 4.250
225 4.620
226 4.450
227 4.310
228 4.070
229 4.180
230 3.610
231 3.850
232 4.280
233 3.670
234 2.980
235 3.800
236 4.310
237 4.350
238 3.990
239 3.620
240 3.580
241 3.600
242 3.490
243 3.230
244 3.340
245 2.710
246 2.290
247 2.720
248 2.680
249 2.400
250 2.280
251 2.130
252 1.950
253 1.840
254 1.840
255 1.770
256 1.640
257 1.660
258 1.630
259 1.620
260 1.670
261 1.770
262 1.710
263 1.860
264 1.760
265 1.700
266 1.800
267 2.910
268 2.130
269 1.720
270 1.510
271 1.350
272 1.400
273 1.550
274 1.550
275 1.920
276 1.780
277 1.840
278 1.850
279 1.630
280 1.540
281 1.470
282 1.300
283 1.300
284 1.320
285 1.380
286 1.520
287 1.490
288 1.620
289 1.460
290 1.410
291 1.350
292 1.150
293 1.020
294 1.010
295 0.974
296 0.939
297 0.886
298 0.856
299 0.897
300 0.925
301 0.900
302 0.960
303 1.010
304 0.970
305 1.150
306 1.000
307 0.923
308 0.905
309 0.847
310 0.843
311 0.824
312 0.770
313 0.767
314 0.766
315 0.764
316 0.754
317 0.696
318 0.691
319 0.690
320 0.689
321 0.688
322 0.687
323 0.685
324 0.642
325 0.626
326 0.626
327 0.625
328 0.625
329 0.624
330 0.624
331 0.623
332 0.622
333 0.622
334 0.621
335 0.621
336 0.616
337 0.582
338 0.567
339 0.564
340 0.562
341 0.560
342 0.558
343 0.555
344 0.524
345 0.496
346 0.496
347 0.495
348 0.495
349 0.494
350 0.494
351 0.493
352 0.493
353 0.492
354 0.492
355 0.492
356 0.491
357 0.486
358 0.461
359 0.443
360 0.443
361 0.443
362 0.443
363 0.443
364 0.443
365 0.443
366 0.441
367 0.437
368 0.434
369 0.430
370 0.427
371 0.423
372 0.420
373 0.416
374 0.413
375 0.409
376 0.406
377 0.402
378 0.399
379 0.395
380 0.392
381 0.388
382 0.385
383 0.381
384 0.378
385 0.374
386 0.371
387 0.367
388 0.364
389 0.360
390 0.357
391 0.353
392 0.350
393 0.346
394 0.343
395 0.341
396 0.341
397 0.341
398 0.340
399 0.340
400 0.340
401 0.340
402 0.340
403 0.339
404 0.339
405 0.339
406 0.339
407 0.339
408 0.339
409 0.338
410 0.338
411 0.338
412 0.338
413 0.338
414 0.337
415 0.337
416 0.337
417 0.337
418 0.337
419 0.336
420 0.336
421 0.336
422 0.336
423 0.336
424 0.335
425 0.335
426 0.335
427 0.335
428 0.335
429 0.334
430 0.334
431 0.334
432 0.334
433 0.334
434 0.333
435 0.333
436 0.333
437 0.333
438 0.333
439 0.332
440 0.332
441 0.332
442 0.332
443 0.332
444 0.345
445 0.352
446 0.375
447 0.374
448 0.394
449 0.436
450 0.461
451 0.423
452 0.357
453 0.330
454 0.322
455 0.329
456 0.332
457 0.343
458 0.394
459 0.413
460 0.400
461 0.392
462 0.399
463 0.420
464 0.421
465 0.429
466 0.458
467 0.487
468 0.487
469 0.478
470 0.473
471 0.514
472 0.504
473 0.476
474 0.472
475 0.461
476 0.461
477 0.446
478 0.451
479 0.440
480 0.440
481 0.440
482 0.440
483 0.455
484 0.456
485 0.473
486 0.471
487 0.480
488 0.487
489 0.471
490 0.463
491 0.462
492 0.460
493 0.459
494 0.478
495 0.498
496 0.537
497 0.576
498 0.583
499 0.655
500 0.691
501 0.613
502 0.560
503 0.546
504 0.543
505 0.550
506 0.636
507 0.972
508 1.570
509 1.110
510 0.893
511 0.857
512 0.826
513 0.836
514 0.930
515 1.120
516 1.380
517 1.590
518 1.820
519 1.840
520 1.680
521 1.390
522 1.310
523 1.410
524 1.570
525 1.790
526 2.280
527 3.080
528 3.200
529 3.840
530 6.650
531 7.280
532 7.260
533 16.900
534 15.000
535 6.900
536 4.080
537 3.200
538 3.600
539 5.640
540 8.210
541 10.100
542 11.100
543 12.300
544 9.120
545 5.480
546 3.810
547 3.520
548 4.550
549 6.330
550 8.400
551 9.320
552 9.800
553 9.370
554 9.870
555 8.530
556 7.420
557 7.400
558 8.940
559 8.840
560 8.750
561 11.000
562 8.040
563 9.390
564 8.800
565 7.990
566 7.460
567 7.020
568 6.680
569 6.550
570 7.420
571 10.800
572 8.610
573 6.830
574 6.530
575 7.050
576 6.740
577 6.370
578 8.330
579 9.830
580 14.200
581 10.100
582 5.520
583 4.610
584 4.990
585 5.250
586 5.080
587 5.050
588 5.060
589 5.950
590 5.020
591 4.750
592 4.120
593 4.460
594 4.310
595 3.830
596 3.580
597 3.190
598 3.590
599 3.870
600 5.200
601 4.430
602 4.400
603 4.380
604 4.350
605 3.910
606 3.080
607 2.960
608 3.190
609 3.430
610 3.580
611 3.590
612 3.800
613 4.070
614 4.120
615 3.790
616 3.590
617 3.590
618 3.630
619 3.530
620 3.550
621 3.460
622 3.310
623 3.150
624 3.520
625 3.320
626 3.250
627 3.550
628 3.290
629 3.160
630 3.180
631 3.230
632 3.050
633 2.990
634 2.810
635 2.330
636 2.040
637 1.910
638 3.220
639 3.220
640 2.760
641 2.460
642 2.510
643 2.500
644 2.420
645 2.320
646 2.030
647 1.930
648 2.030
649 2.080
650 2.750
651 1.990
652 1.580
653 1.360
654 1.270
655 1.220
656 1.200
657 1.080
658 0.944
659 0.962
660 0.944
661 0.911
662 0.905
663 0.908
664 0.886
665 0.857
666 0.846
667 0.834
668 0.816
669 0.776
670 0.765
671 0.764
672 0.766
673 0.771
674 0.796
675 0.797
676 0.789
677 0.809
678 0.793
679 0.776
680 0.757
681 0.782
682 0.777
683 0.770
684 0.747
685 0.762
686 0.736
687 0.731
688 0.734
689 0.740
690 0.727
691 0.715
692 0.707
693 0.699
694 0.691
695 0.683
696 0.675
697 0.667
698 0.656
699 0.637
700 0.626
701 0.624
702 0.621
703 0.619
704 0.617
705 0.615
706 0.613
707 0.611
708 0.608
709 0.606
710 0.604
711 0.602
712 0.600
713 0.598
714 0.595
715 0.593
716 0.591
717 0.589
718 0.587
719 0.585
720 0.582
721 0.604
722 0.715
723 0.604
724 0.527
725 0.489
726 0.484
727 0.480
728 0.475
729 0.470
730 0.468
731 0.467
732 0.467
733 0.466
734 0.466
735 0.465
736 0.465
737 0.465
738 0.464
739 0.464
740 0.461
741 0.458
742 0.454
743 0.450
744 0.446
745 0.442
746 0.439
747 0.435
748 0.431
749 0.427
750 0.423
751 0.420
752 0.416
753 0.412
754 0.408
755 0.404
756 0.401
757 0.397
758 0.393
759 0.389
760 0.385
761 0.382
762 0.378
763 0.374
764 0.370
765 0.368
766 0.366
767 0.365
768 0.363
769 0.362
770 0.361
771 0.359
772 0.358
773 0.356
774 0.355
775 0.353
776 0.352
777 0.351
778 0.349
779 0.348
780 0.346
781 0.345
782 0.343
783 0.342
784 0.341
785 0.339
786 0.338
787 0.336
788 0.335
789 0.334
790 0.332
791 0.331
792 0.329
793 0.328
794 0.326
795 0.325
796 0.325
797 0.325
798 0.324
799 0.324
800 0.324
801 0.323
802 0.323
803 0.322
804 0.322
805 0.322
806 0.321
807 0.321
808 0.320
809 0.320
810 0.320
811 0.319
812 0.319
813 0.318
814 0.318
815 0.318
816 0.317
817 0.317
818 0.317
819 0.316
820 0.316
821 0.315
822 0.315
823 0.315
824 0.323
825 0.337
826 0.356
827 0.328
828 0.334
829 0.358
830 0.383
831 0.381
832 0.384
833 0.398
834 0.418
835 0.415
836 0.412
837 0.408
838 0.405
839 0.402
840 0.399
841 0.414
842 0.444
843 0.454
844 0.473
845 0.553
846 0.772
847 1.040
848 1.230
849 1.290
850 1.320
851 0.980
852 0.844
853 0.885
854 0.963
855 1.230
856 1.280
857 1.260
858 1.510
859 2.110
860 2.510
861 3.040
862 3.740
863 3.200
864 3.420
865 4.100
866 4.440
867 4.990
868 5.970
869 5.720
870 4.920
871 4.240
872 3.690
873 3.380
874 3.260
875 3.430
876 4.200
877 5.530
878 6.020
879 5.740
880 5.410
881 5.550
882 6.160
883 6.740
884 7.260
885 8.480
886 8.090
887 7.080
888 5.510
889 4.390
890 3.890
891 3.620
892 3.580
893 4.020
894 4.050
895 4.340
896 4.640
897 4.790
898 5.040
899 5.530
900 7.330
901 7.770
902 8.220
903 8.550
904 8.400
905 9.950
906 8.770
907 8.070
908 8.170
909 7.020
910 6.840
911 6.990
912 7.100
913 7.460
914 7.030
915 7.380
916 7.620
917 8.320
918 6.130
919 5.480
920 5.290
921 5.350
922 5.420
923 5.600
924 5.750
925 5.870
926 5.630
927 5.760
928 7.180
929 8.280
930 8.050
931 9.340
932 8.780
933 8.200
934 8.120
935 7.960
936 8.000
937 8.310
938 8.130
939 8.220
940 8.570
941 9.210
942 8.800
943 7.180
944 7.100
945 7.490
946 6.490
947 6.140
948 6.310
949 6.500
950 6.450
951 6.690
952 6.350
953 5.270
954 4.520
955 4.570
956 4.250
957 4.230
958 4.220
959 4.400
960 4.760
961 5.440
962 5.190
963 5.820
964 5.230
965 4.570
966 4.400
967 4.200
968 4.560
969 4.830
970 5.170
971 5.140
972 5.360
973 5.590
974 4.040
975 3.820
976 2.980
977 3.420
978 2.940
979 2.360
980 2.120
981 2.030
982 2.150
983 2.450
984 2.710
985 2.730
986 2.790
987 2.660
988 2.480
989 2.490
990 2.560
991 2.560
992 2.550
993 2.540
994 2.390
995 2.320
996 2.130
997 2.000
998 1.960
999 1.760
1000 1.770
1001 2.020
1002 1.930
1003 1.520
1004 1.440
1005 1.270
1006 1.220
1007 1.200
1008 1.390
1009 2.330
1010 2.470
1011 1.930
1012 1.510
1013 1.370
1014 1.300
1015 1.230
1016 1.150
1017 1.100
1018 1.060
1019 1.020
1020 0.954
1021 0.942
1022 0.931
1023 0.920
1024 0.910
1025 0.899
1026 0.888
1027 0.878
1028 0.870
1029 0.865
1030 0.861
1031 0.856
1032 0.851
1033 0.847
1034 0.842
1035 0.838
1036 0.829
1037 0.869
1038 0.930
1039 0.930
1040 1.070
1041 1.080
1042 0.977
1043 0.909
1044 0.866
1045 0.864
1046 0.850
1047 0.795
1048 0.772
1049 0.776
1050 0.770
1051 0.786
1052 0.745
1053 0.728
1054 0.751
1055 0.716
1056 0.717
1057 0.875
1058 1.280
1059 1.020
1060 0.939
1061 0.894
1062 0.832
1063 0.784
1064 0.778
1065 0.771
1066 0.753
1067 0.716
1068 0.692
1069 0.690
1070 0.696
1071 0.694
1072 0.675
1073 0.657
1074 0.654
1075 0.651
1076 0.648
1077 0.645
1078 0.642
1079 0.639
1080 0.636
1081 0.631
1082 0.624
1083 0.614
1084 0.606
1085 0.595
1086 0.584
1087 0.574
1088 0.563
1089 0.552
1090 0.542
1091 0.531
1092 0.520
1093 0.510
1094 0.506
1095 0.505
1096 0.506
1097 0.521
1098 0.513
1099 0.505
1100 0.498
1101 0.490
1102 0.482
1103 0.474
1104 0.466
1105 0.458
1106 0.452
1107 0.448
1108 0.444
1109 0.440
1110 0.436
1111 0.432
1112 0.428
1113 0.424
1114 0.420
1115 0.416
1116 0.411
1117 0.407
1118 0.403
1119 0.399
1120 0.395
1121 0.391
1122 0.387
1123 0.383
1124 0.379
1125 0.375
1126 0.373
1127 0.373
1128 0.373
1129 0.374
1130 0.374
1131 0.374
1132 0.374
1133 0.374
1134 0.374
1135 0.374
1136 0.374
1137 0.374
1138 0.374
1139 0.375
1140 0.375
1141 0.375
1142 0.375
1143 0.375
1144 0.375
1145 0.375
1146 0.375
1147 0.375
1148 0.375
1149 0.376
1150 0.376
1151 0.376
1152 0.376
1153 0.376
1154 0.376
1155 0.376
1156 0.376
1157 0.376
1158 0.377
1159 0.377
1160 0.377
1161 0.377
1162 0.377
1163 0.377
1164 0.377
1165 0.377
1166 0.377
1167 0.377
1168 0.378
1169 0.378
1170 0.378
1171 0.378
1172 0.390
1173 0.431
1174 0.477
1175 0.506
1176 0.524
1177 0.524
1178 0.504
1179 0.484
1180 0.464
1181 0.445
1182 0.437
1183 0.434
1184 0.431
1185 0.428
1186 0.425
1187 0.422
1188 0.419
1189 0.416
1190 0.413
1191 0.412
1192 0.414
1193 0.415
1194 0.417
1195 0.419
1196 0.425
1197 0.439
1198 0.448
1199 0.444
1200 0.444
1201 0.459
1202 0.442
1203 0.432
1204 0.445
1205 0.478
1206 0.609
1207 0.797
1208 0.774
1209 0.879
1210 0.974
1211 0.957
1212 0.952
1213 1.200
1214 1.360
1215 1.250
1216 1.250
1217 1.120
1218 1.150
1219 1.340
1220 1.470
1221 1.590
1222 1.730
1223 1.560
1224 1.460
1225 1.620
1226 1.880
1227 2.240
1228 2.680
1229 2.380
1230 2.000
1231 2.190
1232 2.470
1233 3.100
1234 3.980
1235 4.140
1236 5.210
1237 4.870
1238 3.940
1239 4.290
1240 5.010
1241 7.050
1242 7.940
1243 8.130
1244 7.060
1245 4.830
1246 4.820
1247 6.950
1248 6.470
1249 6.590
1250 6.340
1251 5.100
1252 5.270
1253 7.450
1254 9.270
1255 9.720
1256 8.840
1257 8.600
1258 9.030
1259 8.310
1260 6.020
1261 4.580
1262 4.280
1263 4.750
1264 4.950
1265 4.690
1266 5.170
1267 5.950
1268 6.100
1269 6.280
1270 9.810
1271 7.670
1272 5.800
1273 4.900
1274 5.680
1275 6.690
1276 5.690
1277 5.970
1278 6.210
1279 6.040
1280 5.760
1281 6.080
1282 7.110
1283 7.090
1284 5.180
1285 4.690
1286 4.660
1287 4.510
1288 6.070
1289 4.260
1290 3.510
1291 3.040
1292 3.280
1293 4.420
1294 6.090
1295 7.640
1296 9.270
1297 12.100
1298 7.450
1299 5.370
1300 4.100
1301 3.910
1302 4.150
1303 4.840
1304 3.560
1305 6.520
1306 7.820
1307 7.990
1308 7.680
1309 6.660
1310 6.140
1311 6.550
1312 6.620
1313 6.410
1314 6.220
1315 5.600
1316 6.400
1317 6.410
1318 4.970
1319 5.160
1320 5.730
1321 5.270
1322 6.760
1323 6.400
1324 6.240
1325 6.110
1326 6.500
1327 5.970
1328 5.720
1329 5.910
1330 6.070
1331 7.560
1332 8.300
1333 8.130
1334 6.500
1335 5.360
1336 5.190
1337 3.880
1338 3.280
1339 3.120
1340 2.940
1341 2.830
1342 2.770
1343 2.750
1344 2.670
1345 2.600
1346 2.550
1347 2.530
1348 2.670
1349 4.110
1350 3.870
1351 3.320
1352 3.060
1353 7.060
1354 4.760
1355 3.450
1356 2.860
1357 2.750
1358 2.730
1359 2.840
1360 2.930
1361 3.180
1362 3.250
1363 3.110
1364 3.300
1365 2.830
1366 2.540
1367 2.320
1368 2.160
1369 2.020
1370 1.920
1371 3.160
1372 3.320
1373 2.800
1374 2.450
1375 2.390
1376 2.240
1377 3.050
1378 3.080
1379 2.660
1380 2.230
1381 2.170
1382 2.710
1383 4.310
1384 3.330
1385 2.550
1386 2.230
1387 2.050
1388 2.060
1389 2.150
1390 2.170
1391 2.030
1392 2.000
1393 1.960
1394 1.830
1395 1.690
1396 1.610
1397 1.530
1398 1.460
1399 1.410
1400 1.340
1401 1.300
1402 1.270
1403 1.220
1404 1.190
1405 1.170
1406 1.150
1407 1.140
1408 1.110
1409 1.060
1410 1.030
1411 1.010
1412 0.950
1413 0.767
1414 0.732
1415 0.713
1416 0.683
1417 0.683
1418 0.665
1419 0.655
1420 0.651
1421 0.647
1422 0.643
1423 0.639
1424 0.636
1425 0.632
1426 0.628
1427 0.624
1428 0.619
1429 0.588
1430 0.582
1431 0.581
1432 0.585
1433 0.588
1434 0.589
1435 0.585
1436 0.580
1437 0.576
1438 0.555
1439 0.550
1440 0.546
1441 0.542
1442 0.538
1443 0.533
1444 0.529
1445 0.525
1446 0.518
1447 0.508
1448 0.497
1449 0.487
1450 0.477
1451 0.470
1452 0.465
1453 0.460
1454 0.455
1455 0.451
1456 0.446
1457 0.441
1458 0.436
1459 0.432
1460 0.427
1461 0.422
