1 -9.6175
2 -9.9935
3 -10.906500000000001
4 -9.2965
5 -8.0065
6 -10.006
7 -11.642
8 -12.322000000000001
9 -10.103
10 -9.584999999999999
11 -9.241999999999999
12 -9.0855
13 -9.129
14 -9.64
15 -9.8955
16 -4.8415
17 -2.7795000000000005
18 -5.4830000000000005
19 -8.765
20 -6.649000000000001
21 -1.8559999999999999
22 -6.2575
23 -7.202
24 -2.7555
25 -5.3315
26 -5.6335
27 -8.3515
28 -2.5694999999999997
29 -1.3405
30 -0.45599999999999996
31 -2.0185
32 -2.246
33 -2.7800000000000002
34 -10.2695
35 -5.062
36 -6.975
37 -2.7239999999999998
38 -9.213000000000001
39 -1.6695000000000002
40 -4.8735
41 -10.6395
42 -12.531
43 -9.5615
44 -12.625499999999999
45 -3.6195
46 -3.9375000000000004
47 -7.5475
48 -3.7969999999999997
49 -5.725
50 -5.877999999999999
51 -4.473999999999999
52 -0.792
53 -3.734
54 -6.125
55 -7.46
56 -2.7445
57 -1.9785
58 -4.5714999999999995
59 -6.0955
60 -4.365
61 -9.3745
62 -10.486
63 -9.3145
64 -9.2105
65 -4.6365
66 -5.122999999999999
67 -1.6215000000000002
68 -2.0045
69 -2.4465
70 -1.9769999999999999
71 -2.057
72 -0.041000000000000036
73 0.4495
74 0.2855
75 -4.7545
76 -2.636
77 -2.2805
78 -6.5280000000000005
79 -6.3934999999999995
80 -5.529
81 -0.7805000000000002
82 0.14100000000000001
83 -0.5264999999999999
84 -4.0435
85 -8.426
86 -5.1165
87 -3.0519999999999996
88 -3.218
89 -2.5734999999999997
90 -5.476999999999999
91 2.308
92 0.946
93 -0.583
94 -2.57
95 -1.8784999999999998
96 -1.4549999999999998
97 -0.7244999999999999
98 -3.3075
99 -2.947
100 -4.3575
101 -4.384
102 -5.3635
103 -4.324
104 -0.21150000000000002
105 -2.051
106 -4.5649999999999995
107 -3.9819999999999998
108 -2.0420000000000003
109 -3.9125
110 -2.4155
111 -1.353
112 -0.42500000000000004
113 -3.0065
114 -1.4220000000000002
115 -0.22650000000000015
116 -0.6484999999999999
117 0.8775
118 -1.522
119 1.0215
120 -0.5449999999999999
121 5.1595
122 4.634
123 3.1965
124 0.3674999999999997
125 2.3449999999999998
126 0.9475
127 0.4614999999999999
128 -4.2225
129 -2.8675
130 0.824
131 -0.0020000000000000018
132 0.881
133 0.989
134 0.9810000000000001
135 1.064
136 1.1824999999999999
137 1.3035
138 -3.301
139 -0.758
140 0.7869999999999999
141 0.735
142 1.0445
143 1.4685000000000001
144 3.7645
145 1.8005
146 -0.4925
147 -3.0549999999999997
148 -5.1785
149 -9.8885
150 -9.527
151 -7.5385
152 -2.8874999999999997
153 6.1775
154 2.577
155 1.9035
156 1.3505
157 2.0505
158 2.569
159 2.1069999999999998
160 0.6095
161 -0.38849999999999996
162 2.439
163 2.9585
164 1.4240000000000002
165 2.8635
166 2.4325
167 2.78
168 2.9125
169 6.8845
170 6.484
171 8.544
172 5.2485
173 6.756
174 4.122
175 1.7655
176 6.8405000000000005
177 5.36
178 11.617
179 8.3475
180 7.023
181 7.8735
182 9.847
183 5.0225
184 4.615
185 2.147
186 4.539000000000001
187 4.1585
188 4.847
189 5.3385
190 11.569500000000001
191 6.6895
192 4.218500000000001
193 9.874500000000001
194 9.7105
195 8.314499999999999
196 8.0715
197 6.385
198 10.566
199 9.0195
200 5.3335
201 6.798
202 10.86
203 10.895
204 11.668499999999998
205 10.7655
206 7.488
207 5.838
208 8.7715
209 5.402000000000001
210 13.7285
211 10.44
212 10.9495
213 9.826
214 -0.8924999999999996
215 5.458499999999999
216 9.904
217 12.620999999999999
218 10.599499999999999
219 5.156
220 5.527
221 4.8069999999999995
222 7.608
223 8.413
224 7.6825
225 11.044
226 11.4815
227 5.4555
228 1.699
229 6.537000000000001
230 9.418999999999999
231 8.394499999999999
232 11.9285
233 6.628500000000001
234 3.9589999999999996
235 5.18
236 9.616000000000001
237 12.623999999999999
238 9.717
239 -0.7579999999999996
240 2.6620000000000004
241 6.808999999999999
242 9.331999999999999
243 4.1345
244 3.2945
245 1.978
246 2.2399999999999998
247 4.663
248 3.7864999999999998
249 4.5985000000000005
250 2.9255
251 1.751
252 5.093
253 3.5635000000000003
254 1.397
255 1.1305
256 2.7640000000000002
257 3.155
258 5.0675
259 5.699
260 7.554499999999999
261 3.2565
262 3.7094999999999994
263 5.52
264 4.2155000000000005
265 5.4675
266 5.5765
267 0.9105000000000003
268 -3.538
269 3.4365
270 1.4
271 2.729
272 7.4375
273 8.89
274 7.909
275 8.4735
276 8.5635
277 5.0245
278 0.8105
279 3.8400000000000003
280 6.522500000000001
281 1.2169999999999999
282 2.354
283 5.18
284 6.514
285 8.895
286 8.768
287 8.954
288 8.493500000000001
289 7.8870000000000005
290 6.1080000000000005
291 6.6185
292 5.256
293 2.608
294 2.692
295 0.45799999999999996
296 1.1449999999999998
297 2.489
298 1.8795
299 1.4745000000000001
300 -1.8115
301 -2.7440000000000007
302 1.3755000000000002
303 -2.836
304 -0.923
305 -6.6895
306 -9.695500000000001
307 -3.2239999999999998
308 -6.175000000000001
309 -9.2615
310 -13.199
311 -11.2935
312 -10.084
313 -8.6775
314 -2.7005
315 -1.6870000000000003
316 -0.8715000000000002
317 -4.3465
318 -2.572
319 -1.8375000000000001
320 -7.1345
321 -1.5695
322 -0.5145
323 -2.5445
324 -2.1605
325 0.43899999999999995
326 1.8784999999999998
327 -0.4185000000000001
328 -3.9464999999999995
329 -0.8744999999999999
330 -2.793
331 -4.7815
332 -4.775
333 -5.548
334 -10.482
335 -13.999500000000001
336 -12.212
337 -9.008
338 -8.5365
339 -9.322
340 -13.6675
341 -14.2455
342 -8.682
343 -5.822
344 -4.1495
345 -14.079
346 -15.489
347 -9.9015
348 -10.573
349 -11.003499999999999
350 -10.6515
351 -9.679
352 -12.275500000000001
353 -14.407499999999999
354 -16.5595
355 -8.7475
356 -3.534
357 -2.7515
358 -9.4255
359 -11.0715
360 -5.443
361 -6.6445
362 -16.0115
363 -4.8845
364 -3.5900000000000003
365 -6.298500000000001
366 -4.3549999999999995
367 -8.4215
368 -0.8029999999999999
369 -2.708
370 -15.2295
371 -7.646
372 -7.6034999999999995
373 -2.3785
374 -4.487
375 -2.9665000000000004
376 -0.8085
377 -1.7155
378 -5.111
379 -6.366499999999999
380 -15.3045
381 -14.558
382 -14.57
383 -12.8515
384 -12.251999999999999
385 -13.9055
386 -14.679499999999999
387 -14.588000000000001
388 -13.905
389 -12.791
390 -11.199499999999999
391 -10.262
392 -13.3035
393 -15.486999999999998
394 -13.7005
395 -9.966000000000001
396 -9.675
397 -15.648
398 -12.046500000000002
399 -14.408999999999999
400 -11.8555
401 -16.534
402 -18.134999999999998
403 -22.032000000000004
404 -8.443999999999999
405 -9.645
406 -5.603
407 -11.9505
408 -12.8965
409 -15.11
410 -16.221
411 -13.2955
412 -8.583
413 -11.998000000000001
414 -10.871500000000001
415 -6.772
416 -7.8485
417 -4.075
418 -9.817
419 -11.213999999999999
420 -6.3285
421 -6.693499999999999
422 -7.900999999999999
423 -6.6845
424 -1.8575
425 -2.8235
426 -7.1385
427 -7.8885000000000005
428 -2.1239999999999997
429 -1.5105
430 -1.3415
431 -0.0005000000000000004
432 0.8740000000000001
433 0.29550000000000004
434 -0.32999999999999996
435 -0.3305
436 -4.9575
437 -6.415
438 -2.679
439 1.525
440 1.278
441 0.41300000000000003
442 0.8035
443 1.8299999999999998
444 -0.45599999999999996
445 0.8265
446 0.48400000000000004
447 1.4505
448 2.624
449 2.996
450 0.31549999999999995
451 -4.343
452 -8.1625
453 -9.748000000000001
454 -5.7805
455 -10.574000000000002
456 -3.436
457 -1.7945000000000002
458 2.419
459 0.594
460 -0.6035
461 -4.953
462 -3.359
463 -0.6104999999999998
464 1.2025000000000001
465 1.6460000000000001
466 0.13199999999999967
467 0.6059999999999999
468 0.5395000000000001
469 0.6375
470 1.3555
471 -0.08400000000000007
472 -5.404
473 -8.636
474 -15.7435
475 -14.382
476 -7.279999999999999
477 -7.793
478 -6.1625
479 -6.0215
480 -8.0325
481 -4.445
482 -3.0
483 -1.298
484 -2.0090000000000003
485 -0.0024999999999999467
486 1.2665000000000002
487 1.0935
488 -2.67
489 -3.9015000000000004
490 -2.5835
491 -3.0795
492 -4.1425
493 0.43799999999999994
494 2.6365000000000003
495 2.325
496 1.67
497 -0.5539999999999999
498 -1.0444999999999998
499 -0.9140000000000001
500 -1.6690000000000003
501 -3.359
502 -4.851
503 -3.181
504 -2.7104999999999997
505 0.009000000000000119
506 1.1179999999999999
507 7.015
508 2.2495
509 -2.8975
510 -1.6940000000000002
511 -0.1815
512 -1.8210000000000002
513 -0.19700000000000006
514 3.8040000000000003
515 4.0355
516 3.6205000000000003
517 7.2425
518 7.8115
519 5.802
520 2.049
521 2.69
522 1.6824999999999999
523 2.9525
524 3.3409999999999997
525 8.153500000000001
526 7.9925
527 4.825
528 4.5715
529 9.287
530 7.5435
531 9.121
532 11.5205
533 7.3865
534 2.5565
535 2.565
536 5.7665
537 6.6595
538 8.392
539 11.86
540 9.9795
541 9.993
542 12.178
543 5.9745
544 0.6980000000000002
545 2.5925
546 1.5
547 4.290000000000001
548 7.233499999999999
549 8.337
550 11.2455
551 10.754
552 13.6005
553 5.1535
554 7.471
555 9.769
556 10.929
557 8.3015
558 12.320500000000001
559 12.5985
560 7.452500000000001
561 9.7715
562 11.721
563 7.4075
564 8.2165
565 12.594999999999999
566 11.3825
567 8.2515
568 10.6125
569 15.0655
570 7.1115
571 6.2065
572 4.5295
573 5.5075
574 5.6665
575 11.114
576 12.804499999999999
577 10.5815
578 4.2705
579 4.6215
580 8.883000000000001
581 10.9975
582 9.231
583 11.143
584 14.665
585 15.477999999999998
586 13.413499999999999
587 13.119499999999999
588 13.898
589 12.144
590 10.692499999999999
591 12.280000000000001
592 9.065999999999999
593 9.2685
594 9.879
595 7.888
596 5.593
597 0.5994999999999999
598 8.0765
599 10.255
600 11.628
601 13.1705
602 9.2975
603 10.608
604 6.4005
605 6.282
606 6.3725
607 8.453
608 9.597000000000001
609 9.785499999999999
610 9.5445
611 9.556000000000001
612 4.2425
613 10.199
614 9.85
615 5.7540000000000004
616 3.4
617 8.446
618 9.697
619 10.3155
620 8.9885
621 9.1405
622 7.615
623 6.1745
624 7.1995000000000005
625 5.1175
626 7.197000000000001
627 11.0165
628 8.323
629 3.3425
630 7.727
631 5.952
632 7.65
633 9.9925
634 8.6615
635 4.558
636 1.6175000000000002
637 6.14
638 8.0175
639 5.5535
640 1.876
641 2.518
642 4.6065000000000005
643 7.816000000000001
644 7.38
645 7.071
646 4.102
647 4.1925
648 6.61
649 6.524500000000001
650 6.3305
651 4.182
652 3.393
653 5.0120000000000005
654 3.942
655 3.2725
656 -1.2460000000000002
657 -4.109
658 -5.564500000000001
659 -5.4365
660 -6.2795
661 -5.792
662 -1.9975
663 -5.667
664 -2.3385000000000002
665 -2.7715
666 -0.7789999999999997
667 -4.114
668 -2.7420000000000004
669 -4.0035
670 -2.3865000000000003
671 1.6715
672 1.2630000000000001
673 0.09650000000000003
674 -3.719
675 -5.3595
676 -11.532499999999999
677 -4.163
678 -5.463
679 -15.824
680 -13.543000000000001
681 -3.503
682 -2.122
683 -7.9079999999999995
684 -7.5565
685 -4.12
686 -7.2725
687 -5.5065
688 -2.6435
689 -0.32599999999999996
690 -3.6505
691 -5.192
692 -3.22
693 -3.1614999999999998
694 -0.43500000000000005
695 -7.2485
696 -6.6585
697 -3.9899999999999998
698 -4.832
699 -4.8225
700 -4.3655
701 -5.4799999999999995
702 -7.2245
703 -7.979499999999999
704 -8.8595
705 -12.5195
706 -11.710999999999999
707 -9.525
708 -19.8955
709 -19.096
710 -10.6915
711 -11.311
712 -10.267
713 -8.3535
714 -8.112
715 -10.053
716 -8.593
717 -5.506
718 -5.3315
719 -6.7015
720 -7.3605
721 -1.1909999999999998
722 -7.236
723 -5.7379999999999995
724 -9.1555
725 -8.221
726 -7.4510000000000005
727 -13.720500000000001
728 -11.506
729 -5.801
730 -7.182499999999999
731 -8.443
732 -3.395
733 -7.995500000000001
734 -9.630500000000001
735 -3.7474999999999996
736 -7.3395
737 -7.448
738 -4.5360000000000005
739 -3.8404999999999996
740 -2.8455
741 -9.282
742 -9.3155
743 -7.3229999999999995
744 -9.2395
745 -4.166
746 -4.3
747 -8.433
748 -9.171
749 -10.4945
750 -9.41
751 -17.362000000000002
752 -10.688500000000001
753 -5.329
754 -2.1125
755 -8.4535
756 -9.3445
757 -15.455499999999999
758 -13.822
759 -6.46
760 -2.96
761 -4.0504999999999995
762 -8.2395
763 -6.968999999999999
764 -5.2915
765 -7.1530000000000005
766 -4.9765
767 -6.519
768 -10.087
769 -9.5515
770 -4.2875000000000005
771 -10.597999999999999
772 -10.539
773 -1.4260000000000002
774 -2.0595
775 -13.0585
776 -11.0815
777 -6.2829999999999995
778 -11.2005
779 -14.6325
780 -17.2325
781 -19.4225
782 -13.122
783 -11.634
784 -6.558
785 -5.6525
786 -2.3805
787 -4.2855
788 -5.375
789 -7.024
790 -8.683
791 -3.326
792 -4.412
793 -5.2665
794 -4.348999999999999
795 -4.6455
796 -1.6455000000000002
797 -2.9284999999999997
798 -6.009
799 -7.743
800 -11.8135
801 -4.758
802 -10.571
803 -2.5195
804 -2.5985
805 -3.61
806 -7.554500000000001
807 -11.6375
808 -11.8235
809 -10.2775
810 -2.1235
811 -2.739
812 -4.2065
813 -1.334
814 -2.0115
815 -4.579
816 -10.668999999999999
817 -5.7175
818 -9.342500000000001
819 -8.379999999999999
820 -5.9855
821 -2.052
822 -2.3834999999999997
823 -3.5359999999999996
824 -3.842
825 -0.14350000000000002
826 -1.351
827 -4.428
828 -1.113
829 -0.45550000000000007
830 -1.772
831 -0.4175
832 -1.3465
833 -2.164
834 -2.0020000000000002
835 -1.9925000000000002
836 -2.17
837 -5.9035
838 -6.3345
839 -4.4815000000000005
840 0.35550000000000004
841 -2.235
842 -0.3594999999999997
843 -0.08750000000000013
844 0.1875
845 0.14449999999999985
846 -0.5775000000000006
847 2.0135000000000005
848 5.2010000000000005
849 2.429
850 -0.07150000000000012
851 -2.8409999999999997
852 0.39449999999999996
853 -0.357
854 -0.601
855 2.655
856 3.9175
857 0.04150000000000009
858 -2.9084999999999996
859 0.47299999999999986
860 4.281
861 4.5035
862 2.4895
863 5.2625
864 7.0385
865 7.5075
866 7.5815
867 3.604
868 2.448
869 -5.589
870 -0.7315
871 -3.8489999999999998
872 -0.4794999999999998
873 2.42
874 3.8095
875 5.445
876 4.8415
877 4.1530000000000005
878 5.9
879 -3.5319999999999996
880 1.1915
881 1.1869999999999998
882 2.0125
883 6.6965
884 9.3765
885 7.962
886 7.432
887 4.0504999999999995
888 3.8925
889 5.004
890 3.415
891 3.7720000000000002
892 2.109
893 4.7505
894 2.911
895 4.4165
896 4.2505
897 7.1165
898 7.4455
899 6.7375
900 6.5655
901 6.246500000000001
902 6.2995
903 5.540000000000001
904 6.485
905 8.157499999999999
906 9.0235
907 5.9875
908 8.1915
909 7.486000000000001
910 5.0105
911 8.163499999999999
912 9.9435
913 9.2865
914 7.9045000000000005
915 10.597
916 10.0625
917 7.01
918 6.074
919 7.2385
920 8.426
921 7.032
922 3.5875
923 2.2795
924 2.9575
925 4.7075
926 4.3134999999999994
927 6.719
928 7.8035
929 10.959
930 13.116
931 12.349
932 13.741499999999998
933 15.288
934 11.3265
935 11.0915
936 10.512500000000001
937 9.8495
938 12.067499999999999
939 13.3995
940 10.712
941 10.9635
942 14.546999999999999
943 3.1045000000000003
944 11.331
945 11.919
946 12.8355
947 11.41
948 14.28
949 15.801
950 13.3905
951 15.2495
952 15.8705
953 12.7805
954 6.7515
955 7.569
956 7.3
957 9.3795
958 5.358
959 7.593000000000001
960 12.658000000000001
961 12.8975
962 12.436499999999999
963 13.846499999999999
964 12.967
965 10.327
966 10.1515
967 6.433
968 11.779
969 15.3715
970 12.941
971 14.585999999999999
972 13.585999999999999
973 9.0885
974 6.849
975 3.6244999999999994
976 4.702999999999999
977 6.635
978 2.8535000000000004
979 -1.7389999999999999
980 -1.0585000000000002
981 0.25900000000000034
982 5.266500000000001
983 6.4955
984 8.317
985 7.24
986 8.1465
987 9.238
988 5.927
989 5.354
990 8.655
991 8.102500000000001
992 8.171999999999999
993 7.795499999999999
994 7.564
995 7.7225
996 7.402
997 9.366999999999999
998 6.0
999 7.333
1000 7.2465
1001 9.04
1002 7.088
1003 6.391
1004 4.384
1005 5.561999999999999
1006 5.352
1007 3.0665
1008 2.9435000000000002
1009 5.4015
1010 5.4045000000000005
1011 3.819
1012 4.8075
1013 4.5295
1014 4.889
1015 4.1739999999999995
1016 1.7125
1017 2.9705000000000004
1018 2.3400000000000003
1019 1.2805
1020 0.24800000000000003
1021 0.7105000000000001
1022 -8.7795
1023 -13.0075
1024 -0.815
1025 -2.673
1026 -4.8775
1027 -6.117
1028 -6.7515
1029 -3.8335000000000004
1030 -4.179
1031 -6.3235
1032 -0.36350000000000005
1033 -8.221
1034 -6.3294999999999995
1035 -1.3845
1036 -0.10499999999999998
1037 2.6365
1038 0.8015
1039 -2.2554999999999996
1040 3.134
1041 2.6020000000000003
1042 3.024
1043 0.8475
1044 0.7924999999999999
1045 -0.6755
1046 -5.057
1047 -4.2589999999999995
1048 -6.182
1049 -6.974
1050 -4.737
1051 0.052000000000000046
1052 -5.353
1053 -15.254000000000001
1054 -4.4535
1055 -6.59
1056 -4.981
1057 0.5309999999999999
1058 1.036
1059 -3.7459999999999996
1060 -0.6875
1061 -0.4335
1062 -7.2065
1063 -2.3305000000000002
1064 -0.11249999999999999
1065 -5.8485000000000005
1066 -1.43
1067 -1.3924999999999998
1068 0.296
1069 -3.6399999999999997
1070 -3.993
1071 -17.4425
1072 -16.9125
1073 -3.377
1074 -4.8155
1075 -8.424
1076 -11.3265
1077 -4.5915
1078 -8.8375
1079 -6.297499999999999
1080 -7.2925
1081 -5.174
1082 -7.739
1083 -4.694500000000001
1084 -3.811
1085 -4.0675
1086 -3.389
1087 -3.8160000000000003
1088 -2.6585
1089 -2.898
1090 -5.0635
1091 -5.878
1092 -7.7755
1093 -12.4955
1094 -7.9895
1095 -5.9275
1096 -6.417
1097 -13.506499999999999
1098 -17.617
1099 -14.2845
1100 -13.441500000000001
1101 -9.648
1102 -8.2825
1103 -1.6524999999999999
1104 -0.812
1105 -3.4595000000000002
1106 -5.6385
1107 -2.442
1108 -1.1344999999999998
1109 -5.298
1110 -0.6775
1111 -4.09
1112 -3.7619999999999996
1113 -1.6755
1114 -3.5885000000000002
1115 -6.207
1116 -5.309
1117 -3.4549999999999996
1118 -2.1029999999999998
1119 -0.877
1120 -0.6935
1121 -5.6535
1122 -10.573
1123 -8.408000000000001
1124 -5.321
1125 -2.939
1126 -8.2515
1127 -11.3015
1128 -8.807
1129 -8.0465
1130 -4.8985
1131 -1.3170000000000002
1132 -3.137
1133 -4.4975000000000005
1134 -2.0484999999999998
1135 -0.7295
1136 -2.5214999999999996
1137 -5.813
1138 -6.465
1139 -5.643
1140 -6.904
1141 -6.4315
1142 -9.001
1143 -12.3735
1144 -10.722
1145 -8.8775
1146 -5.7795
1147 -9.8355
1148 -10.129999999999999
1149 -16.205000000000002
1150 -17.587
1151 -16.773
1152 -13.216
1153 -16.186
1154 -8.3545
1155 -7.234500000000001
1156 -4.885
1157 -5.974499999999999
1158 -6.971
1159 -13.878
1160 -15.2755
1161 -12.261000000000001
1162 -9.282
1163 -17.1665
1164 -13.241999999999999
1165 -13.1785
1166 -11.6725
1167 -7.154999999999999
1168 -10.5135
1169 -6.86
1170 -6.717
1171 -8.7315
1172 -2.3954999999999997
1173 0.9309999999999999
1174 -0.7365
1175 -6.203999999999999
1176 -0.6495
1177 -1.0175
1178 -1.0245
1179 -3.6605
1180 -8.432500000000001
1181 -10.738
1182 -12.398
1183 -13.178999999999998
1184 -14.5475
1185 -14.214
1186 -6.234
1187 -5.835
1188 -2.6350000000000002
1189 -2.9885
1190 -3.459
1191 -4.441000000000001
1192 -2.38
1193 -3.7095
1194 -4.7915
1195 -9.349499999999999
1196 0.8019999999999999
1197 -1.3199999999999998
1198 -1.8844999999999998
1199 -1.8190000000000002
1200 -1.6524999999999999
1201 -1.9375
1202 -1.633
1203 -1.6760000000000002
1204 -1.262
1205 1.2095000000000002
1206 3.8225
1207 4.462999999999999
1208 3.747
1209 3.8614999999999995
1210 4.7965
1211 4.964
1212 6.0714999999999995
1213 5.681500000000001
1214 3.844
1215 3.8024999999999998
1216 1.1095
1217 2.67
1218 -1.3919999999999995
1219 2.0635
1220 2.6565000000000003
1221 1.406
1222 2.0675
1223 1.5889999999999997
1224 3.271
1225 3.179
1226 4.4105
1227 4.976
1228 3.7405
1229 2.6849999999999996
1230 3.6575000000000006
1231 4.4635
1232 3.93
1233 5.658
1234 6.31
1235 6.112
1236 6.367
1237 3.8004999999999995
1238 4.266
1239 2.4895
1240 5.8565000000000005
1241 8.375
1242 9.9515
1243 10.509
1244 3.4894999999999996
1245 0.2104999999999999
1246 2.361
1247 0.6465000000000001
1248 0.7104999999999997
1249 6.9775
1250 3.058
1251 4.864
1252 9.2455
1253 9.1395
1254 7.4135
1255 4.667000000000001
1256 9.7385
1257 9.916
1258 9.4665
1259 3.2435
1260 2.34
1261 4.781000000000001
1262 3.6835
1263 8.74
1264 4.904999999999999
1265 6.446
1266 10.898
1267 9.421
1268 9.3235
1269 10.504000000000001
1270 9.282
1271 4.32
1272 4.983
1273 2.87
1274 6.1240000000000006
1275 3.6
1276 8.177
1277 9.181999999999999
1278 8.0945
1279 10.9575
1280 7.055
1281 10.939
1282 11.596
1283 5.193
1284 5.1655
1285 8.335
1286 7.089
1287 6.3175
1288 3.3970000000000002
1289 1.2315
1290 1.6219999999999999
1291 -0.7885
1292 7.267
1293 11.1745
1294 11.1845
1295 11.3025
1296 9.8955
1297 6.7204999999999995
1298 4.9035
1299 4.5625
1300 7.576
1301 9.818999999999999
1302 11.490499999999999
1303 4.43
1304 6.1365
1305 10.1525
1306 14.493500000000001
1307 15.0455
1308 10.5835
1309 9.2775
1310 10.73
1311 11.278
1312 12.018
1313 11.6925
1314 9.216000000000001
1315 7.566
1316 10.1655
1317 7.5235
1318 8.9865
1319 7.3065
1320 8.1755
1321 10.643
1322 10.346499999999999
1323 11.3
1324 10.4255
1325 10.25
1326 7.967499999999999
1327 10.0855
1328 10.189
1329 9.535
1330 5.2985
1331 8.228
1332 10.278
1333 8.406
1334 7.244999999999999
1335 8.3455
1336 3.8365
1337 2.468
1338 2.345
1339 1.326
1340 2.0845000000000002
1341 4.126
1342 3.39
1343 1.7165000000000001
1344 0.4615
1345 1.8535
1346 6.449
1347 6.8605
1348 7.9405
1349 7.3545
1350 5.654
1351 7.3549999999999995
1352 6.6905
1353 5.5825
1354 4.0205
1355 5.297
1356 2.5850000000000004
1357 5.587
1358 9.359
1359 7.216
1360 12.096499999999999
1361 10.977
1362 7.1965
1363 6.5794999999999995
1364 6.1355
1365 2.1029999999999998
1366 2.195
1367 1.8265
1368 0.7895
1369 2.24
1370 2.9114999999999998
1371 5.0645
1372 2.73
1373 3.851
1374 2.329
1375 5.365
1376 4.2075
1377 5.92
1378 3.5845
1379 3.5024999999999995
1380 4.5005
1381 7.7059999999999995
1382 5.994
1383 5.2625
1384 2.484
1385 0.7230000000000001
1386 4.1245
1387 4.2219999999999995
1388 5.503
1389 3.238
1390 -1.7555
1391 -3.0345
1392 1.31
1393 -0.08600000000000002
1394 -1.4295
1395 -7.795
1396 -7.5215000000000005
1397 -5.7935
1398 -1.1125
1399 0.0030000000000001137
1400 1.0425
1401 2.1149999999999998
1402 2.069
1403 2.941
1404 2.2895000000000003
1405 2.4734999999999996
1406 2.3819999999999997
1407 1.315
1408 -4.617
1409 -1.499
1410 -0.919
1411 -1.3555
1412 -2.7865
1413 -15.393
1414 -4.8965000000000005
1415 -8.797
1416 -8.649000000000001
1417 -12.699
1418 -13.9605
1419 -15.399999999999999
1420 -15.651499999999999
1421 -10.849499999999999
1422 -14.328999999999999
1423 -10.9425
1424 -6.1665
1425 -5.758000000000001
1426 -2.177
1427 -3.07
1428 -4.7465
1429 -13.083
1430 -9.507
1431 -8.157
1432 -7.7545
1433 -1.9775
1434 0.742
1435 -2.09
1436 -6.3675
1437 -4.4485
1438 -4.3615
1439 -2.4875000000000003
1440 -5.335999999999999
1441 -7.732
1442 -9.9905
1443 -6.0
1444 -3.0504999999999995
1445 -3.4025
1446 -7.7925
1447 -4.9385
1448 -2.724
1449 -2.9045
1450 -0.08150000000000002
1451 -3.635
1452 -8.535
1453 -8.778
1454 -7.4670000000000005
1455 -9.7055
1456 -11.4485
1457 -11.0755
1458 -16.471
1459 -11.611500000000001
1460 -9.0115
1461 -3.371
